3.438319912	0.2338571784	0.127459529
3.375983531	0.3011791872	0.195166164
3.329069422	0.3517414711	0.2504989868
3.290388816	0.3938062206	0.2985112413
3.257053961	0.4305343305	0.3415519463
3.227564361	0.4635262594	0.3809287778
3.201023961	0.493722252	0.417456739
3.176848167	0.5217290285	0.4516838537
3.154631358	0.547964482	0.4839992872
3.134079039	0.5727306473	0.5146909594
3.114969889	0.5962540162	0.5439787096
3.09713297	0.618709522	0.572034716
3.080433341	0.6402355392	0.598996607
3.064762548	0.6609437466	0.624976294
3.050032154	0.6809257714	0.6500660211
3.036169152	0.7002578917	0.6743427364
3.023112646	0.7190044195	0.6978712848
3.010811434	0.7372201398	0.7207067262
2.999222159	0.7549521849	0.7428961515
2.988307884	0.7722414645	0.7644800833
2.978037028	0.7891237285	0.7854935153
2.968382481	0.8056304439	0.8059667879
2.959320916	0.8217894916	0.8259262905
2.950832247	0.8376256842	0.8453949768
2.942899168	0.8531612256	0.8643928352
2.93550677	0.8684160876	0.8829372773
2.928642254	0.8834082809	0.9010434105
2.922294654	0.8981541172	0.9187243124
2.916454621	0.9126684293	0.9359912631
2.911114242	0.9269647179	0.9528538945
2.906266877	0.9410553116	0.9693203624
2.901907012	0.9549515028	0.9853974938
2.898030153	0.9686636272	1.001090871
2.894632708	0.9822011698	1.016404949
2.891711896	0.9955728326	1.031343134
2.88926566	1.008786615	1.045907876
2.887292592	1.021849844	1.060100708
2.885791866	1.034769234	1.073922318
2.884763164	1.047550935	1.087372615
2.884206628	1.060200546	1.100450754
2.884122793	1.07272315	1.113155188
2.88451254	1.085123349	1.125483729
2.862548299	1.09272142	1.144915942
2.840652263	1.099987114	1.164194294
2.818818415	1.106921225	1.183320394
2.797041175	1.113524045	1.20229525
2.775315385	1.1197954	1.221119276
2.753636285	1.125734677	1.239792302
2.7319995	1.131340855	1.258313579
2.710401029	1.136612528	1.27668178
2.688837237	1.141547935	1.294895004
2.667304843	1.146144981	1.312950771
2.645800924	1.150401262	1.330846024
2.624322906	1.15431409	1.348577126
2.602868567	1.157880521	1.366139851
2.581436039	1.161097374	1.383529386
2.560023812	1.16396126	1.400740323
2.53863074	1.166468611	1.417766653
2.517256049	1.168615704	1.434601766
2.495899345	1.170398697	1.451238441
2.474560628	1.171813654	1.467668851
2.453240304	1.172856586	1.483884554
2.431939197	1.173523483	1.499876497
2.41065857	1.173810354	1.515635018
2.389400137	1.173713268	1.53114985
2.368166085	1.173228403	1.546410129
2.346959092	1.172352084	1.561404405
2.325782349	1.171080843	1.576120658
2.304639575	1.169411465	1.590546315
2.283535045	1.167341046	1.604668275
2.262473607	1.164867054	1.618472941
2.241460701	1.161987381	1.631946249
2.220502382	1.158700413	1.645073716
2.199605332	1.155005088	1.657840482
2.17877688	1.150900962	1.670231366
2.158025012	1.146388265	1.682230928
2.137358382	1.141467972	1.693823533
2.116786316	1.136141853	1.70499343
2.096318814	1.13041253	1.71572483
2.075966545	1.124283528	1.726001991
2.055740836	1.117759315	1.735809317
2.035653656	1.11084534	1.745131446
2.015717594	1.103548054	1.753953359
1.995945823	1.095874929	1.76226048
1.976352067	1.087834462	1.770038776
1.956950551	1.079436159	1.77727487
1.937755947	1.070690519	1.783956133
1.918783313	1.061608995	1.79007079
1.900048024	1.052203939	1.795608005
1.881565693	1.042488544	1.80055797
1.863352096	1.03247676	1.804911978
1.84542308	1.022183206	1.808662488
1.827794474	1.011623073	1.811803176
1.810481998	1.000812008	1.81432897
1.793501168	0.9897660027	1.816236078
1.776867205	0.9785012689	1.817521995
1.760594943	0.9670341178	1.818185492
1.744698742	0.9553808353	1.818226601
1.729192408	0.9435575618	1.81764657
1.714089113	0.9315801759	1.816447819
1.699401333	0.9194641856	1.814633874
1.685140785	0.907224627	1.812209294
1.671318379	0.8948759741	1.809179586
1.657944178	0.8824320587	1.805551116
1.645027369	0.869906002	1.801331007
1.632576246	0.8573101589	1.796527045
1.620598201	0.8446560737	1.791147568
1.609099726	0.8319544481	1.785201364
1.598086423	0.8192151194	1.778697566
1.587563029	0.8064470506	1.771645554
1.577533441	0.7936583286	1.76405485
1.568000754	0.7808561715	1.755935025
1.558967301	0.7680469434	1.747295611
1.550434705	0.7552361743	1.738146014
1.542403926	0.7424285865	1.728495432
1.53487532	0.7296281233	1.718352784
1.527848698	0.716837982	1.707726639
1.521323386	0.7040606475	1.696625152
1.515298286	0.6912979278	1.685056006
1.509771939	0.6785509892	1.673026358
1.504742589	0.6658203913	1.660542784
1.500208244	0.6531061209	1.647611237
1.518006558	0.6478302642	1.627699699
1.535836692	0.6423411888	1.607583802
1.553705671	0.6366407595	1.587260455
1.571620697	0.6307303878	1.56672596
1.589589189	0.6246110232	1.545975978
1.607618829	0.6182831418	1.525005477
1.625717554	0.6117467482	1.503808743
1.64389361	0.6050013591	1.482379324
1.662155607	0.598045981	1.460709965
1.680512527	0.5908791041	1.438792597
1.698973793	0.5834986706	1.416618251
1.717549317	0.5759020506	1.394177001
1.736249577	0.5680859989	1.371457854
1.755085658	0.5600466282	1.3484487
1.77406935	0.5517793538	1.32513618
1.793213251	0.5432788292	1.301505533
1.812530843	0.5345388927	1.277540495
1.83203663	0.5255524799	1.253223096
1.851746299	0.5163115198	1.228533433
1.871676848	0.5068068377	1.20344947
1.891846807	0.4970280116	1.177946725
1.912276484	0.4869632003	1.151997895
1.932988213	0.476598965	1.12557249
1.954006705	0.4659200233	1.0986363
1.975359479	0.4549089484	1.071150755
1.997077328	0.4435458304	1.04307221
2.019194955	0.4318078229	1.014350978
2.041751782	0.4196685732	0.9849301131
2.064792888	0.4070975352	0.9547439555
2.08837031	0.3940590473	0.923716158
2.112544717	0.3805111293	0.891757113
2.137387573	0.3664039267	0.8587606242
2.16298414	0.3516775573	0.8245992784
2.189437588	0.3362591653	0.789118102
2.216874878	0.3200587112	0.7521254622
2.24545527	0.3029628759	0.713379854
2.275383333	0.2848257729	0.6725696817
2.30692954	0.2654542608	0.6292811471
2.340464623	0.2445834911	0.5829445216
2.376521279	0.2218331078	0.5327373384
2.415915458	0.1966214265	0.477393389
