-0.197775399	0.8402452031	0.3142639535
-0.2196566297	0.8677574737	0.3386178978
-0.2403688885	0.8940262265	0.3622653648
-0.2600263403	0.9191976722	0.3852700007
-0.2787226152	0.9433920307	0.4076857226
-0.296535384	0.9667095285	0.4295585724
-0.313529652	0.9892346828	0.4509280842
-0.3297602571	1.011039529	0.471828401
-0.3452737633	1.032186054	0.4922891543
-0.360109879	1.052728007	0.5123361114
-0.374302608	1.072712364	0.5319917501
-0.3878811349	1.092180448	0.5512756928
-0.4008705569	1.111168857	0.5702050919
-0.413292437	1.129710157	0.588794894
-0.4251652886	1.147833487	0.6070581041
-0.4365049738	1.165565068	0.6250060069
-0.4473250028	1.182928565	0.6426483042
-0.4576368143	1.199945444	0.6599932754
-0.4674500106	1.216635266	0.6770479131
-0.4767725301	1.233015892	0.6938179925
-0.4856108203	1.249103703	0.7103081732
-0.4939699862	1.264913785	0.7265220853
-0.5018538947	1.280460049	0.7424623605
-0.5092652893	1.295755369	0.7581306984
-0.5162058885	1.310811709	0.7735279232
-0.5226764543	1.325640189	0.7886539918
-0.5286768723	1.340251182	0.8035080381
-0.5342062224	1.354654398	0.8180884121
-0.5392628278	1.368858919	0.8323926738
-0.5438443154	1.382873268	0.8464176248
-0.5479476712	1.396705468	0.860159336
-0.5515692793	1.410363055	0.8736131345
-0.5547049737	1.423853133	0.8867736319
-0.5573500805	1.437182389	0.8996347264
-0.5594994636	1.450357138	0.9121896273
-0.561147563	1.463383319	0.924430841
-0.5622884398	1.476266517	0.9363501927
-0.5629158193	1.489011992	0.9479388472
-0.5630231325	1.501624658	0.9591872991
-0.5626035614	1.514109102	0.9700853979
-0.5616500832	1.526469594	0.9806223732
-0.5874548612	1.533652715	1.000515423
-0.6132450587	1.540391102	1.020404256
-0.6390199306	1.546680583	1.040285014
-0.6647781799	1.552516769	1.060152951
-0.6905179751	1.557895107	1.080002409
-0.7162369677	1.562810924	1.099826785
-0.7419323113	1.56725948	1.119618502
-0.7676006804	1.571236023	1.139368985
-0.7932382905	1.574735833	1.159068636
-0.8188409177	1.577754276	1.178706817
-0.8444039184	1.580286857	1.198271828
-0.8699222484	1.582329266	1.217750903
-0.8953904815	1.583877433	1.237130199
-0.9208028262	1.584927577	1.256394797
-0.9461531408	1.585476256	1.275528709
-0.9714349458	1.585520419	1.294514888
-0.9966414341	1.585057452	1.313335246
-1.021765477	1.58408523	1.331970688
-1.046799627	1.582602171	1.350401137
-1.071736118	1.580607276	1.368605584
-1.096566856	1.578100187	1.386562139
-1.121283415	1.575081235	1.404248091
-1.145877019	1.571551485	1.421639977
-1.170338528	1.567512792	1.438713664
-1.194658412	1.562967847	1.455444439
-1.218826736	1.557920226	1.471807109
-1.242833128	1.552374437	1.48777611
-1.266666756	1.546335966	1.503325629
-1.290316306	1.53981132	1.518429734
-1.313769955	1.532808066	1.533062513
-1.337015351	1.525334864	1.547198223
-1.360039606	1.517401492	1.560811449
-1.382829278	1.509018867	1.573877267
-1.405370383	1.500199053	1.58637141
-1.427648395	1.490955255	1.598270446
-1.449648273	1.481301805	1.60955195
-1.471354494	1.471254127	1.620194677
-1.492751097	1.460828694	1.630178728
-1.513821744	1.450042958	1.639485719
-1.534549788	1.438915268	1.648098926
-1.554918364	1.427464774	1.656003427
-1.574910479	1.41571131	1.663186219
-1.594509122	1.403675262	1.669636326
-1.613697374	1.391377423	1.675344869
-1.632458537	1.378838844	1.680305131
-1.650776249	1.366080669	1.684512575
-1.668634615	1.35312397	1.687964853
-1.686018329	1.339989585	1.690661775
-1.702912792	1.326697953	1.692605257
-1.719304223	1.313268961	1.693799244
-1.735179761	1.299721798	1.694249605
-1.750527552	1.286074827	1.693964014
-1.765336826	1.272345469	1.692951804
-1.779597955	1.258550102	1.691223816
-1.793302496	1.244703985	1.688792233
-1.806443218	1.230821195	1.6856704
-1.819014113	1.216914585	1.681872655
-1.83101039	1.202995762	1.677414149
-1.842428454	1.189075078	1.672310665
-1.853265871	1.175161641	1.66657846
-1.863521322	1.161263335	1.660234094
-1.873194547	1.147386852	1.65329428
-1.882286277	1.133537741	1.645775746
-1.89079816	1.119720453	1.6376951
-1.898732686	1.105938401	1.629068715
-1.9060931	1.092194019	1.619912624
-1.91288332	1.078488825	1.610242423
-1.919107849	1.064823485	1.600073193
-1.924771692	1.051197872	1.589419427
-1.929880268	1.037611131	1.578294969
-1.93443933	1.024061736	1.566712962
-1.938454884	1.010547542	1.554685806
-1.941933111	0.9970658408	1.542225121
-1.944880293	0.9836134037	1.529341719
-1.947302745	0.9701865262	1.516045573
-1.949206746	0.9567810644	1.502345806
-1.950598474	0.9433924681	1.488250664
-1.951483948	0.9300158081	1.473767507
-1.951868971	0.9166457994	1.458902791
-1.95175907	0.9032768188	1.443662058
-1.932034878	0.8996532893	1.426487116
-1.912274894	0.8957364817	1.409095016
-1.892475287	0.8915282629	1.391487469
-1.87263191	0.887030201	1.373665656
-1.852740286	0.8822435412	1.3556302
-1.832795571	0.8771691789	1.33738114
-1.812792585	0.8718076453	1.31891795
-1.792725778	0.86615908	1.300239507
-1.772589194	0.8602231993	1.281344056
-1.752376483	0.8539992792	1.262229222
-1.732080858	0.8474861179	1.242891959
-1.71169507	0.8406820072	1.223328535
-1.691211355	0.8335846864	1.203534469
-1.670621425	0.8261913138	1.183504526
-1.649916408	0.818498414	1.163232652
-1.62908677	0.8105018182	1.142711899
-1.608122294	0.8021966174	1.121934393
-1.587011986	0.7935770874	1.100891243
-1.565743975	0.7846366007	1.079572431
-1.544305448	0.775367551	1.057966743
-1.522682523	0.7657612383	1.036061634
-1.500860094	0.7558077354	1.01384306
-1.47882171	0.7454957588	0.9912953509
-1.456549378	0.7348124871	0.9684009903
-1.434023315	0.7237433453	0.9451403573
-1.411221736	0.7122717779	0.9214914844
-1.388120509	0.7003789439	0.8974296959
-1.364692761	0.6880433449	0.8729271718
-1.340908452	0.6752404079	0.847952488
-1.316733778	0.6619419311	0.8224699743
-1.292130442	0.648115394	0.7964389197
-1.267054797	0.633723128	0.7698126523
-1.241456678	0.61872121	0.7425372796
-1.215277942	0.6030580615	0.7145501237
-1.188450509	0.5866725756	0.6857776216
-1.160893832	0.5694916682	0.6561326334
-1.13251138	0.5514268848	0.6255107017
-1.103185736	0.5323696678	0.5937848779
-1.0727717	0.5121846302	0.5607984684
-1.041086018	0.4906995485	0.526354303
