105.000000 178.000000
105.000000 181.287500
105.000000 184.575000
105.000000 187.862500
105.000000 191.150000
105.000000 194.437500
105.000000 197.725000
105.000000 201.012500
105.000000 204.300000
105.000000 207.587500
105.000000 210.875000
105.000000 214.162500
105.000000 217.450000
105.000000 220.737500
105.000000 224.025000
105.000000 227.312500
105.000000 230.600000
105.000000 233.887500
105.000000 237.175000
105.000000 240.462500
105.000000 243.750000
105.000000 247.037500
105.000000 250.325000
105.000000 253.612500
105.000000 256.900000
105.000000 260.187500
105.000000 263.475000
105.000000 266.762500
105.000000 270.050000
105.000000 273.337500
105.000000 276.625000
105.000000 279.912500
105.000000 283.200000
105.000000 286.487500
105.000000 289.775000
105.000000 293.062500
105.000000 296.350000
105.000000 299.637500
105.000000 302.925000
105.000000 306.212500
105.000000 309.500000
105.000000 312.787500
105.000000 316.075000
105.000000 319.362500
105.000000 322.650000
105.000000 325.937500
105.000000 329.225000
105.000000 332.512500
105.000000 335.800000
105.000000 339.087500
105.000000 342.375000
105.000000 345.662500
105.000000 348.950000
105.000000 352.237500
105.000000 355.525000
105.000000 358.812500
105.000000 362.100000
105.000000 365.387500
105.000000 368.675000
105.000000 371.962500
105.000000 375.250000
105.000000 378.537500
105.000000 381.825000
105.000000 385.112500
105.000000 388.400000
105.000000 391.687500
105.000000 394.975000
105.000000 398.262500
105.000000 401.550000
105.000000 404.837500
105.000000 408.125000
105.000000 411.412500
105.000000 414.700000
105.000000 417.987500
105.000000 421.275000
105.000000 424.562500
105.000000 427.850000
105.000000 431.137500
105.000000 434.425000
105.000000 437.712500
105.000000 441.000000
108.268293 441.000000
111.536585 441.000000
114.804878 441.000000
118.073171 441.000000
121.341463 441.000000
124.609756 441.000000
127.878049 441.000000
131.146341 441.000000
134.414634 441.000000
137.682927 441.000000
140.951220 441.000000
144.219512 441.000000
147.487805 441.000000
150.756098 441.000000
154.024390 441.000000
157.292683 441.000000
160.560976 441.000000
163.829268 441.000000
167.097561 441.000000
170.365854 441.000000
173.634146 441.000000
176.902439 441.000000
180.170732 441.000000
183.439024 441.000000
186.707317 441.000000
189.975610 441.000000
193.243902 441.000000
196.512195 441.000000
199.780488 441.000000
203.048780 441.000000
206.317073 441.000000
209.585366 441.000000
212.853659 441.000000
216.121951 441.000000
219.390244 441.000000
222.658537 441.000000
225.926829 441.000000
229.195122 441.000000
232.463415 441.000000
235.731707 441.000000
239.000000 441.000000
242.268293 441.000000
245.536585 441.000000
248.804878 441.000000
252.073171 441.000000
255.341463 441.000000
258.609756 441.000000
261.878049 441.000000
265.146341 441.000000
268.414634 441.000000
271.682927 441.000000
274.951220 441.000000
278.219512 441.000000
281.487805 441.000000
284.756098 441.000000
288.024390 441.000000
291.292683 441.000000
294.560976 441.000000
297.829268 441.000000
301.097561 441.000000
304.365854 441.000000
307.634146 441.000000
310.902439 441.000000
314.170732 441.000000
317.439024 441.000000
320.707317 441.000000
323.975610 441.000000
327.243902 441.000000
330.512195 441.000000
333.780488 441.000000
337.048780 441.000000
340.317073 441.000000
343.585366 441.000000
346.853659 441.000000
350.121951 441.000000
353.390244 441.000000
356.658537 441.000000
359.926829 441.000000
363.195122 441.000000
366.463415 441.000000
369.731707 441.000000
373.000000 441.000000
373.000000 437.712500
373.000000 434.425000
373.000000 431.137500
373.000000 427.850000
373.000000 424.562500
373.000000 421.275000
373.000000 417.987500
373.000000 414.700000
373.000000 411.412500
373.000000 408.125000
373.000000 404.837500
373.000000 401.550000
373.000000 398.262500
373.000000 394.975000
373.000000 391.687500
373.000000 388.400000
373.000000 385.112500
373.000000 381.825000
373.000000 378.537500
373.000000 375.250000
373.000000 371.962500
373.000000 368.675000
373.000000 365.387500
373.000000 362.100000
373.000000 358.812500
373.000000 355.525000
373.000000 352.237500
373.000000 348.950000
373.000000 345.662500
373.000000 342.375000
373.000000 339.087500
373.000000 335.800000
373.000000 332.512500
373.000000 329.225000
373.000000 325.937500
373.000000 322.650000
373.000000 319.362500
373.000000 316.075000
373.000000 312.787500
373.000000 309.500000
373.000000 306.212500
373.000000 302.925000
373.000000 299.637500
373.000000 296.350000
373.000000 293.062500
373.000000 289.775000
373.000000 286.487500
373.000000 283.200000
373.000000 279.912500
373.000000 276.625000
373.000000 273.337500
373.000000 270.050000
373.000000 266.762500
373.000000 263.475000
373.000000 260.187500
373.000000 256.900000
373.000000 253.612500
373.000000 250.325000
373.000000 247.037500
373.000000 243.750000
373.000000 240.462500
373.000000 237.175000
373.000000 233.887500
373.000000 230.600000
373.000000 227.312500
373.000000 224.025000
373.000000 220.737500
373.000000 217.450000
373.000000 214.162500
373.000000 210.875000
373.000000 207.587500
373.000000 204.300000
373.000000 201.012500
373.000000 197.725000
373.000000 194.437500
373.000000 191.150000
373.000000 187.862500
373.000000 184.575000
373.000000 181.287500
373.000000 178.000000
369.731707 178.000000
366.463415 178.000000
363.195122 178.000000
359.926829 178.000000
356.658537 178.000000
353.390244 178.000000
350.121951 178.000000
346.853659 178.000000
343.585366 178.000000
340.317073 178.000000
337.048780 178.000000
333.780488 178.000000
330.512195 178.000000
327.243902 178.000000
323.975610 178.000000
320.707317 178.000000
317.439024 178.000000
314.170732 178.000000
310.902439 178.000000
307.634146 178.000000
304.365854 178.000000
301.097561 178.000000
297.829268 178.000000
294.560976 178.000000
291.292683 178.000000
288.024390 178.000000
284.756098 178.000000
281.487805 178.000000
278.219512 178.000000
274.951220 178.000000
271.682927 178.000000
268.414634 178.000000
265.146341 178.000000
261.878049 178.000000
258.609756 178.000000
255.341463 178.000000
252.073171 178.000000
248.804878 178.000000
245.536585 178.000000
242.268293 178.000000
239.000000 178.000000
235.731707 178.000000
232.463415 178.000000
229.195122 178.000000
225.926829 178.000000
222.658537 178.000000
219.390244 178.000000
216.121951 178.000000
212.853659 178.000000
209.585366 178.000000
206.317073 178.000000
203.048780 178.000000
199.780488 178.000000
196.512195 178.000000
193.243902 178.000000
189.975610 178.000000
186.707317 178.000000
183.439024 178.000000
180.170732 178.000000
176.902439 178.000000
173.634146 178.000000
170.365854 178.000000
167.097561 178.000000
163.829268 178.000000
160.560976 178.000000
157.292683 178.000000
154.024390 178.000000
150.756098 178.000000
147.487805 178.000000
144.219512 178.000000
140.951220 178.000000
137.682927 178.000000
134.414634 178.000000
131.146341 178.000000
127.878049 178.000000
124.609756 178.000000
121.341463 178.000000
118.073171 178.000000
114.804878 178.000000
111.536585 178.000000
108.268293 178.000000
